                                                   The FREQ Procedure

                                      Cumulative    Cumulative
RACEHISP    Frequency    Percent     Frequency      Percent
-----------------------------------------------------------------
0                   4     40.00            4        40.00
1                   3     30.00            7        70.00
2                   3     30.00           10       100.00

                                      Cumulative    Cumulative
SAM_MAGE    Frequency    Percent     Frequency      Percent
-----------------------------------------------------------------
1                   2     20.00            2        20.00
2                   3     30.00            5        50.00
3                   2     20.00            7        70.00
4                   3     30.00           10       100.00

                                       Cumulative    Cumulative
SAM_meduc    Frequency    Percent     Frequency      Percent
------------------------------------------------------------------
1                    4     40.00            4        40.00
2                    2     20.00            6        60.00
3                    3     30.00            9        90.00
4                    1     10.00           10       100.00

                                       Cumulative    Cumulative
SAM_Feduc    Frequency    Percent     Frequency      Percent
------------------------------------------------------------------
1                    4     40.00            4        40.00
2                    2     20.00            6        60.00
3                    2     20.00            8        80.00
4                    2     20.00           10       100.00

                                      Cumulative    Cumulative
PTB_CAT1    Frequency    Percent     Frequency      Percent
-----------------------------------------------------------------
0                   5     50.00            5        50.00
1                   5     50.00           10       100.00

                                         Cumulative    Cumulative
SAM_Kessner    Frequency    Percent     Frequency      Percent
--------------------------------------------------------------------
3                     10    100.00           10       100.00

                                         Cumulative    Cumulative
SAM_married    Frequency    Percent     Frequency      Percent
--------------------------------------------------------------------
0                      3     30.00            3        30.00
1                      7     70.00           10       100.00
             Kessner's Index of adequacy of prenatal care by race among women delivering between 1979-1983              

                                                   The FREQ Procedure

Table of SAM_MAGE by RACEHISP

SAM_MAGE |         0 |         1 |         2 |      Total
---------+-----------+-----------+-----------+-----------
1        |         0 |         1 |         1 |          2
         |      0.00 |     10.00 |     10.00 |      20.00
         |      0.00 |     50.00 |     50.00 |     100.00
         |      0.00 |     33.33 |     33.33 |      20.00
---------+-----------+-----------+-----------+-----------
2        |         1 |         2 |         0 |          3
         |     10.00 |     20.00 |      0.00 |      30.00
         |     33.33 |     66.67 |      0.00 |     100.00
         |     25.00 |     66.67 |      0.00 |      30.00
---------+-----------+-----------+-----------+-----------
3        |         1 |         0 |         1 |          2
         |     10.00 |      0.00 |     10.00 |      20.00
         |     50.00 |      0.00 |     50.00 |     100.00
         |     25.00 |      0.00 |     33.33 |      20.00
---------+-----------+-----------+-----------+-----------
4        |         2 |         0 |         1 |          3
         |     20.00 |      0.00 |     10.00 |      30.00
         |     66.67 |      0.00 |     33.33 |     100.00
         |     50.00 |      0.00 |     33.33 |      30.00
---------+-----------+-----------+-----------+-----------
Total    |         4 |         3 |         3 |         10


Table of SAM_meduc by RACEHISP

SAM_meduc |         0 |         1 |         2 |      Total
----------+-----------+-----------+-----------+-----------
1         |         0 |         2 |         2 |          4
          |      0.00 |     20.00 |     20.00 |      40.00
          |      0.00 |     50.00 |     50.00 |     100.00
          |      0.00 |     66.67 |     66.67 |      40.00
----------+-----------+-----------+-----------+-----------
2         |         1 |         1 |         0 |          2
          |     10.00 |     10.00 |      0.00 |      20.00
          |     50.00 |     50.00 |      0.00 |     100.00
          |     25.00 |     33.33 |      0.00 |      20.00
----------+-----------+-----------+-----------+-----------
3         |         3 |         0 |         0 |          3
          |     30.00 |      0.00 |      0.00 |      30.00
          |    100.00 |      0.00 |      0.00 |     100.00
          |     75.00 |      0.00 |      0.00 |      30.00
----------+-----------+-----------+-----------+-----------
4         |         0 |         0 |         1 |          1
          |      0.00 |      0.00 |     10.00 |      10.00
          |      0.00 |      0.00 |    100.00 |     100.00
          |      0.00 |      0.00 |     33.33 |      10.00
----------+-----------+-----------+-----------+-----------
Total     |         4 |         3 |         3 |         10


Table of SAM_Feduc by RACEHISP

SAM_Feduc |         0 |         1 |         2 |      Total
----------+-----------+-----------+-----------+-----------
1         |         0 |         2 |         2 |          4
          |      0.00 |     20.00 |     20.00 |      40.00
          |      0.00 |     50.00 |     50.00 |     100.00
          |      0.00 |     66.67 |     66.67 |      40.00
----------+-----------+-----------+-----------+-----------
2         |         1 |         1 |         0 |          2
          |     10.00 |     10.00 |      0.00 |      20.00
          |     50.00 |     50.00 |      0.00 |     100.00
          |     25.00 |     33.33 |      0.00 |      20.00
----------+-----------+-----------+-----------+-----------
3         |         2 |         0 |         0 |          2
          |     20.00 |      0.00 |      0.00 |      20.00
          |    100.00 |      0.00 |      0.00 |     100.00
          |     50.00 |      0.00 |      0.00 |      20.00
----------+-----------+-----------+-----------+-----------
4         |         1 |         0 |         1 |          2
          |     10.00 |      0.00 |     10.00 |      20.00
          |     50.00 |      0.00 |     50.00 |     100.00
          |     25.00 |      0.00 |     33.33 |      20.00
----------+-----------+-----------+-----------+-----------
Total     |         4 |         3 |         3 |         10


Table of SAM_married by RACEHISP

SAM_married |         0 |         1 |         2 |      Total
------------+-----------+-----------+-----------+-----------
0           |         0 |         2 |         1 |          3
            |      0.00 |     20.00 |     10.00 |      30.00
            |      0.00 |     66.67 |     33.33 |     100.00
            |      0.00 |     66.67 |     33.33 |      30.00
------------+-----------+-----------+-----------+-----------
1           |         4 |         1 |         2 |          7
            |     40.00 |     10.00 |     20.00 |      70.00
            |     57.14 |     14.29 |     28.57 |     100.00
            |    100.00 |     33.33 |     66.67 |      70.00
------------+-----------+-----------+-----------+-----------
Total       |         4 |         3 |         3 |         10


Table of SAM_Kessner by RACEHISP

SAM_Kessner |         0 |         1 |         2 |      Total
------------+-----------+-----------+-----------+-----------
3           |         4 |         3 |         3 |         10
            |     40.00 |     30.00 |     30.00 |     100.00
            |     40.00 |     30.00 |     30.00 |     100.00
            |    100.00 |    100.00 |    100.00 |     100.00
------------+-----------+-----------+-----------+-----------
Total       |         4 |         3 |         3 |         10

